0001000100100001001000100110010
0100100000101000000000000111000
0100011100001000000000000011001
0001100011000010000011001011000
0000011101011100110101100000001
1000110000010000000000100101010
0000001100000001100100001010000
0000101110110010100110110000101
0000000100000001110101011000001
0000000001010000100000000001010
0100011000001100000000010010000
0110000101010001100000010000000
1101010010000100001000010001010
1100001010011000000100001100010
0000100100110010111000000010100
0000011000011100000000000101011
1000001100000000010000110000001
0000000011101001000010000100000
0001000000010110010111000000100
0000000000000001001000010110000
0010011100101001000000000110010
1111001001111000000000000000000
1000111100010000000101010001000
0000001110000010000001001001000
1000100000110000010100110001010
1000000000001100000001000000000
0100100000000010100110000100000
0000000011000100000000000000001
0000000010111010111010101100110
0100001100000100011010010100000
0010010000011100001101000010101
1000000110110001100100000000010
1001001000001000001000000000100
1000010100011100000000010001000
0101000001100000010100000010000
0011000000110001010101000000000
0010000001000001101110101001000
0000100100000001001001000001000
0101000001000100000000001000000
1010010000000000010101101000101
0010100001110001000100000101000
0000110101110000111100000001000
0000011000010000000100100100001
0001100101010100000010000001000
0001100010000100010000001110001
0000000010010100000101110000000
0010011010000101000000000100010
0000010111100001011000000000100
0000001000100010000010000001110
0110000010000100101000010000010
0000000000010001000011001000100
0000010000100000100011001000101
0100010000000001000000010001001
0001001000100000000100000010000
0010011111010000010100001000101
0001000000010100001000110010010
1111001010111010100000000000000
0110000000010001010000100100000
0010000000000000010100110001011
0111010000010100000110100000011
0000111000001000100010100100000
0000111010110000000100001000100
1001000100000011001000001010001
0000101000000000100000000000000
1011011000100101010000010001011
1000100010000001000000000001100
1010100000010000000000001010000
0101001111110001010000000001011
0010100100010000001000000000000
0000100000100000011001000001000
0110000000000001000011001000000
0101010001011000000000000011101
1010001000100000100001010100000
0000000010010000001101101000001
0000010000010111110001000010000
0100010000001000000000101000000
0001000100110000011000010010000
0000100001100100000000010000000
0010000000011001010000000010000
0001000110000000000010001000010
0000011000000000100100001001010
1001000011001000110000010011010
0010101010001000100000101000010
0000000101110001010000000101000
0000100100101110100000111001010
0100110000001001001000010111100
0011000000000001000100000000010
0000001001000100000000001000000
0000100000000001000000110001000
0000100101100000000101000110100
1011000000100000000110100010001
1001000010000011100000000110000
0000000000011000001100100001011
0010000100100100000010100000100
1000010110000100000110000000100
0100000101000000000000001011001
0100100100010001000010100000100
0001110001101000100100000000100
1000101101000001010000100100000
1000001110100000001010010100110
0000100100110000000111010001000
0100011110000000000000001000001
0101101000001000001010000001101
1000000000001011000011101100001
0000000000000001000000000010000
0000010010110111010000000000000
0001100000000000001000001010010
0000101000101001001001000010000
0010000000100000000001000100010
0000000000000001010100011100001
0000100010110000100110000100000
0000000010101100000000011011011
1000001110000000101000010010011
0100100010000001010011000000010
1000001010000000010110010010000
0111001101000000010000001110000
0100011100000100000100001110001
0000000011011000000101000010001
0100001001000000000100110001100
0000000100000001101001001100000
1001100110000001010000001011000
0010011100100010000100100010000
1000000000000010111100000000011
0010000000000000000001000100100
0010000001000000001100000001010
0101010100111000001000010100000
0001011011100000001000010000000
0000000000000000110001000001000
0010111010001011110000100100100
0010000111000011001010000000001
0100101000001000000001000011000
0000010010000001001001101010000
0100100000000011000011000000100
0000010100010001010001010001010
0010010001000100011010011100000
0010011000000100110100011000000
0000000100110000110100000010010
0010000001010000010110000110000
0010000100000010000001100000000
0000110101000010000000101100000
1000001000111000010000100010000
0000000000001010010001000100100
0011000000000000011000010000000
0100000001011010000001000011000
0001100000000000010000100100010
0110111100000101001110100001011
0000110100000000100100010000000
0001000111011000000000001100100
0011001100001000100100000000001
0010000000001010001100000000001
0000000110000101000110000010010
0000000000000100000101000000010
1000000010011001100011010000000
0000000000000010000010100100011
0000000011001000001000100010100
1110100000000000000000100000000
0001000000001000101111111001001
0001011000110101001111110001000
1000000010010000100101100000100
1001000011000010110000000100001
1000100101010001001011001000000
0000100110000100101000000000001
0110010100000000000001110000000
1000011000000100100100000111000
0010000000000100011101000000000
0111100000010000100000010100001
0010000101010000001000010000000
0000010000010000100001111100001
0110000000000100010111000010000
0000110000011000000100010100000
0100010001001010100011111000000
0001011001111011011000000011000
0000000000001000000010000000000
0100110100111110000000010010001
1000000110011001100000000011000
0000100001000000000000010100001
1110010000010000010100010010111
1000100000001100000010000101010
0001000000100100010000100011101
0000100001100000001000010000001
0000000000001000000110110000010
0001000000000100000010000110011
0000011000011000100111000100100
0000000110100000000001011011000
0000110000000000010100100101101
1000100110110100001000010100000
0001101000001001001001110000110
1011010010010100000000000001000
0010100000000000001110000010000
0001001000010010000010100100100
0001000001101000000000001001101
0000000001010110010010100010000
0001001100100010001110110100100
0100110001100000011001100000000
0000001100001101011010100000000
0001000000000000000000100000100
0110000000000000000101001001110
0110110000010000000000000000100
0000010100000000001000100101001
0000000000000100000010010100100
0001000110010000000010000100000
1000000100000000110110001100000
1100100110000100010000000000001
0011001101100001100110000000010
0001000010101010000101000110000
0000100011001101011000100100010
1001000011010000010000000100011
1101000010000000000000100100000
0110010010100000100000001010010
0000000100100011000100011100100
0000000000100010100110000010001
0010000100000000000111110000100
1000010010000000110000000000000
0000000001100111110000000110000
1001000000000010000011100010010
0101010010001000000011000111110
0000010000101110001000000010000
1010000011000111000011100001000
0100000100101010000000010001000
0110101010000001000011100001000
0100110011110000001110000001000
0000001010101010001000111101100
0100000000110010000010000100001
0000011100000011001000010000000
1010110001010000001110000000000
0000000010100010010000001000010
0011000110000000001000000010100
0010110000100011000001011100000
0000000001001010000100001010110
1000000000100000010010000000100
0001000110000000100000000010000
0000000000001000000100000000000
1100000100000101000100000100000
0010100010010001010000000000010
1010100100100011010001010000010
0100111010011010000010000010000
1100001100001000000011001100000
0100100000000000111000000000010
0100100100000000001110010000000
1001110000001000000000000110001
1000000100000000100100100101000
0000000101110001011000000000000
0110000100000001010001100000101
0000100101000000010100000000000
1100001011101000010100110100001
0010010010000100010000000011000
0001000110000100101000100100000
0000001001000000100001000000010
1010000000000000010001110001001
0001000010010000000000101000100
1000001100110000010000000010000
0100011001010000000000000010000
1101000010011000100101111010010
0000010000000101010100100000111
0001011000010100000000110000000
1000101000101001110011011000101
1110000000000000010101110000000
0001110010100100001100011101000
0000001100000000000100010010001
0100100000000011000000010010001
0100000001110000001100010001000
0100000011000100000000100000001
0100100000100000000010100000000
1000101000001000100110000000001
0000001101000000110100110100000
0000000000000001010010000100001
1000010010010010100000110001100
1010000001011100000010010001111
0101001000100010100101101101010
0000010100011100010100000110000
0001001010000000000110100001010
0001001010110000011101101000010
0000000000100111000000100101000
1110000010011100100010011101000
0010010000011010100111000000010
0000100001100000000110000000000
0000000100000000001000100000010
0100000000101010101000000010000
0100100000001100110000101000100
0101010000000100100000000000000
1010000101000101010000010100011
0000010000000000110010000000100
0110000001010000101000000010000
0010110000101101000100000000000
0001100000011001100000000000001
0000000000110101001000000000010
0110000100100101000011010001010
0000000000010000100000101001000
0100000100001100100000000010000
0000010000010001000010001011101
0010000100001000001000100000010
0000011001000000000000010001000
0000000010010000000101000000010
1000111001011010001110001100110
0000110010000000100010100000000
0100010101100001111000000001001
0100010101111011010000000000000
1001100010000100010101010110010
0100000001000000001000001110000
1010000010000100100001001000010
0001001000100000100000000011000
0100001000000111000100001010100
1010000000010000001000100001100
0000010010000001001001000000100
0100000100101101010100010000001
1100000000100101001000101111000
0000000000110000101001010000100
1011001001000010010000110010101
0010000001000000010001100100000
1100010000000001000000100000010
0100000000000000000000010010110
0100000001000000001010100110100
0010000000000100000000100110100
0100010001000000000110101010000
0000100001011101000011100001011
0000110000001100000000110101100
0000101000000101101000101100000
0000100001001010011101010000000
0000100000010010100000001001100
0000010010101101100110000010100
0001000000000000000000001100000
1000001000110001010000000000000
0010100010101000001100100001000